PORO                    2.00000e-01
PERM_X                  1.00000e-12 mkm2
PERM_Y                  1.00000e-13 mkm2
g                      -9.81000e+00 kg/s2

NUMBER_X_NODES 100
NODES_X
    0.00000e+00    1.01010e+02    2.02020e+02    3.03030e+02    4.04040e+02    5.05050e+02    6.06060e+02    7.07070e+02    8.08080e+02    9.09090e+02    1.01010e+03    1.11111e+03    1.21212e+03    1.31313e+03    1.41414e+03    1.51515e+03    1.61616e+03    1.71717e+03    1.81818e+03    1.91919e+03    2.02020e+03    2.12121e+03    2.22222e+03    2.32323e+03    2.42424e+03    2.52525e+03    2.62626e+03    2.72727e+03    2.82828e+03    2.92929e+03    3.03030e+03    3.13131e+03    3.23232e+03    3.33333e+03    3.43434e+03    3.53535e+03    3.63636e+03    3.73737e+03    3.83838e+03    3.93939e+03    4.04040e+03    4.14141e+03    4.24242e+03    4.34343e+03    4.44444e+03    4.54545e+03    4.64646e+03    4.74747e+03    4.84848e+03    4.94949e+03    5.05050e+03    5.15151e+03    5.25252e+03    5.35353e+03    5.45454e+03    5.55555e+03    5.65656e+03    5.75757e+03    5.85858e+03    5.95959e+03    6.06060e+03    6.16161e+03    6.26262e+03    6.36363e+03    6.46464e+03    6.56565e+03    6.66666e+03    6.76767e+03    6.86868e+03    6.96969e+03    7.07070e+03    7.17171e+03    7.27272e+03    7.37373e+03    7.47474e+03    7.57575e+03    7.67676e+03    7.77777e+03    7.87878e+03    7.97979e+03    8.08080e+03    8.18181e+03    8.28282e+03    8.38383e+03    8.48484e+03    8.58585e+03    8.68686e+03    8.78787e+03    8.88888e+03    8.98989e+03    9.09090e+03    9.19191e+03    9.29292e+03    9.39393e+03    9.49494e+03    9.59594e+03    9.69695e+03    9.79796e+03    9.89897e+03    9.99998e+03
   -9.18594e-04    1.01009e+02    2.02019e+02    3.03029e+02    4.04039e+02    5.05049e+02    6.06059e+02    7.07069e+02    8.08079e+02    9.09089e+02    1.01010e+03    1.11111e+03    1.21212e+03    1.31313e+03    1.41414e+03    1.51515e+03    1.61616e+03    1.71717e+03    1.81818e+03    1.91919e+03    2.02020e+03    2.12121e+03    2.22222e+03    2.32323e+03    2.42424e+03    2.52525e+03    2.62626e+03    2.72727e+03    2.82828e+03    2.92929e+03    3.03030e+03    3.13131e+03    3.23232e+03    3.33333e+03    3.43434e+03    3.53535e+03    3.63636e+03    3.73737e+03    3.83838e+03    3.93939e+03    4.04040e+03    4.14141e+03    4.24242e+03    4.34343e+03    4.44444e+03    4.54545e+03    4.64646e+03    4.74747e+03    4.84848e+03    4.94949e+03    5.05050e+03    5.15151e+03    5.25252e+03    5.35353e+03    5.45454e+03    5.55555e+03    5.65656e+03    5.75757e+03    5.85858e+03    5.95959e+03    6.06060e+03    6.16161e+03    6.26262e+03    6.36363e+03    6.46464e+03    6.56565e+03    6.66666e+03    6.76767e+03    6.86868e+03    6.96969e+03    7.07070e+03    7.17171e+03    7.27272e+03    7.37373e+03    7.47474e+03    7.57575e+03    7.67676e+03    7.77777e+03    7.87877e+03    7.97978e+03    8.08079e+03    8.18180e+03    8.28281e+03    8.38382e+03    8.48483e+03    8.58584e+03    8.68685e+03    8.78786e+03    8.88887e+03    8.98988e+03    9.09089e+03    9.19190e+03    9.29291e+03    9.39392e+03    9.49493e+03    9.59594e+03    9.69695e+03    9.79796e+03    9.89897e+03    9.99998e+03
   -1.83719e-03    1.01008e+02    2.02018e+02    3.03028e+02    4.04038e+02    5.05048e+02    6.06058e+02    7.07068e+02    8.08078e+02    9.09088e+02    1.01010e+03    1.11111e+03    1.21212e+03    1.31313e+03    1.41414e+03    1.51515e+03    1.61616e+03    1.71717e+03    1.81818e+03    1.91919e+03    2.02020e+03    2.12121e+03    2.22222e+03    2.32323e+03    2.42424e+03    2.52525e+03    2.62626e+03    2.72727e+03    2.82828e+03    2.92929e+03    3.03030e+03    3.13131e+03    3.23232e+03    3.33333e+03    3.43434e+03    3.53535e+03    3.63636e+03    3.73737e+03    3.83838e+03    3.93939e+03    4.04040e+03    4.14141e+03    4.24242e+03    4.34343e+03    4.44444e+03    4.54545e+03    4.64646e+03    4.74747e+03    4.84848e+03    4.94949e+03    5.05050e+03    5.15151e+03    5.25252e+03    5.35353e+03    5.45454e+03    5.55555e+03    5.65656e+03    5.75757e+03    5.85858e+03    5.95959e+03    6.06059e+03    6.16160e+03    6.26261e+03    6.36362e+03    6.46463e+03    6.56564e+03    6.66665e+03    6.76766e+03    6.86867e+03    6.96968e+03    7.07069e+03    7.17170e+03    7.27271e+03    7.37372e+03    7.47473e+03    7.57574e+03    7.67675e+03    7.77776e+03    7.87877e+03    7.97978e+03    8.08079e+03    8.18180e+03    8.28281e+03    8.38382e+03    8.48483e+03    8.58584e+03    8.68685e+03    8.78786e+03    8.88887e+03    8.98988e+03    9.09089e+03    9.19190e+03    9.29291e+03    9.39392e+03    9.49493e+03    9.59594e+03    9.69695e+03    9.79796e+03    9.89897e+03    9.99998e+03
   -2.75578e-03    1.01007e+02    2.02017e+02    3.03027e+02    4.04037e+02    5.05047e+02    6.06057e+02    7.07067e+02    8.08077e+02    9.09087e+02    1.01010e+03    1.11111e+03    1.21212e+03    1.31313e+03    1.41414e+03    1.51515e+03    1.61616e+03    1.71717e+03    1.81818e+03    1.91919e+03    2.02020e+03    2.12121e+03    2.22222e+03    2.32323e+03    2.42424e+03    2.52525e+03    2.62626e+03    2.72727e+03    2.82828e+03    2.92929e+03    3.03030e+03    3.13131e+03    3.23232e+03    3.33333e+03    3.43434e+03    3.53535e+03    3.63636e+03    3.73737e+03    3.83838e+03    3.93939e+03    4.04040e+03    4.14141e+03    4.24242e+03    4.34342e+03    4.44443e+03    4.54544e+03    4.64645e+03    4.74746e+03    4.84847e+03    4.94948e+03    5.05049e+03    5.15150e+03    5.25251e+03    5.35352e+03    5.45453e+03    5.55554e+03    5.65655e+03    5.75756e+03    5.85857e+03    5.95958e+03    6.06059e+03    6.16160e+03    6.26261e+03    6.36362e+03    6.46463e+03    6.56564e+03    6.66665e+03    6.76766e+03    6.86867e+03    6.96968e+03    7.07069e+03    7.17170e+03    7.27271e+03    7.37372e+03    7.47473e+03    7.57574e+03    7.67675e+03    7.77776e+03    7.87877e+03    7.97978e+03    8.08079e+03    8.18180e+03    8.28281e+03    8.38382e+03    8.48483e+03    8.58584e+03    8.68685e+03    8.78786e+03    8.88887e+03    8.98988e+03    9.09089e+03    9.19190e+03    9.29291e+03    9.39392e+03    9.49493e+03    9.59594e+03    9.69695e+03    9.79796e+03    9.89897e+03    9.99998e+03
   -3.67438e-03    1.01006e+02    2.02016e+02    3.03026e+02    4.04036e+02    5.05046e+02    6.06056e+02    7.07066e+02    8.08076e+02    9.09086e+02    1.01010e+03    1.11111e+03    1.21212e+03    1.31313e+03    1.41414e+03    1.51515e+03    1.61616e+03    1.71717e+03    1.81818e+03    1.91919e+03    2.02020e+03    2.12121e+03    2.22222e+03    2.32323e+03    2.42424e+03    2.52525e+03    2.62625e+03    2.72726e+03    2.82827e+03    2.92928e+03    3.03029e+03    3.13130e+03    3.23231e+03    3.33332e+03    3.43433e+03    3.53534e+03    3.63635e+03    3.73736e+03    3.83837e+03    3.93938e+03    4.04039e+03    4.14140e+03    4.24241e+03    4.34342e+03    4.44443e+03    4.54544e+03    4.64645e+03    4.74746e+03    4.84847e+03    4.94948e+03    5.05049e+03    5.15150e+03    5.25251e+03    5.35352e+03    5.45453e+03    5.55554e+03    5.65655e+03    5.75756e+03    5.85857e+03    5.95958e+03    6.06059e+03    6.16160e+03    6.26261e+03    6.36362e+03    6.46463e+03    6.56564e+03    6.66665e+03    6.76766e+03    6.86867e+03    6.96968e+03    7.07069e+03    7.17170e+03    7.27271e+03    7.37372e+03    7.47473e+03    7.57574e+03    7.67675e+03    7.77776e+03    7.87877e+03    7.97978e+03    8.08079e+03    8.18180e+03    8.28281e+03    8.38382e+03    8.48483e+03    8.58584e+03    8.68685e+03    8.78786e+03    8.88887e+03    8.98988e+03    9.09089e+03    9.19190e+03    9.29291e+03    9.39392e+03    9.49493e+03    9.59594e+03    9.69695e+03    9.79796e+03    9.89897e+03    9.99998e+03
   -4.59297e-03    1.01005e+02    2.02015e+02    3.03025e+02    4.04035e+02    5.05045e+02    6.06055e+02    7.07065e+02    8.08075e+02    9.09085e+02    1.01009e+03    1.11110e+03    1.21211e+03    1.31312e+03    1.41413e+03    1.51514e+03    1.61615e+03    1.71716e+03    1.81817e+03    1.91918e+03    2.02019e+03    2.12120e+03    2.22221e+03    2.32322e+03    2.42423e+03    2.52524e+03    2.62625e+03    2.72726e+03    2.82827e+03    2.92928e+03    3.03029e+03    3.13130e+03    3.23231e+03    3.33332e+03    3.43433e+03    3.53534e+03    3.63635e+03    3.73736e+03    3.83837e+03    3.93938e+03    4.04039e+03    4.14140e+03    4.24241e+03    4.34342e+03    4.44443e+03    4.54544e+03    4.64645e+03    4.74746e+03    4.84847e+03    4.94948e+03    5.05049e+03    5.15150e+03    5.25251e+03    5.35352e+03    5.45453e+03    5.55554e+03    5.65655e+03    5.75756e+03    5.85857e+03    5.95958e+03    6.06059e+03    6.16160e+03    6.26261e+03    6.36362e+03    6.46463e+03    6.56564e+03    6.66665e+03    6.76766e+03    6.86867e+03    6.96968e+03    7.07069e+03    7.17170e+03    7.27271e+03    7.37372e+03    7.47473e+03    7.57574e+03    7.67675e+03    7.77776e+03    7.87877e+03    7.97978e+03    8.08079e+03    8.18180e+03    8.28281e+03    8.38382e+03    8.48483e+03    8.58584e+03    8.68685e+03    8.78786e+03    8.88887e+03    8.98988e+03    9.09089e+03    9.19190e+03    9.29291e+03    9.39392e+03    9.49493e+03    9.59594e+03    9.69695e+03    9.79796e+03    9.89897e+03    9.99998e+03
   -5.51156e-03    1.01004e+02    2.02014e+02    3.03024e+02    4.04034e+02    5.05044e+02    6.06054e+02    7.07064e+02    8.08074e+02    9.09084e+02    1.01009e+03    1.11110e+03    1.21211e+03    1.31312e+03    1.41413e+03    1.51514e+03    1.61615e+03    1.71716e+03    1.81817e+03    1.91918e+03    2.02019e+03    2.12120e+03    2.22221e+03    2.32322e+03    2.42423e+03    2.52524e+03    2.62625e+03    2.72726e+03    2.82827e+03    2.92928e+03    3.03029e+03    3.13130e+03    3.23231e+03    3.33332e+03    3.43433e+03    3.53534e+03    3.63635e+03    3.73736e+03    3.83837e+03    3.93938e+03    4.04039e+03    4.14140e+03    4.24241e+03    4.34342e+03    4.44443e+03    4.54544e+03    4.64645e+03    4.74746e+03    4.84847e+03    4.94948e+03    5.05049e+03    5.15150e+03    5.25251e+03    5.35352e+03    5.45453e+03    5.55554e+03    5.65655e+03    5.75756e+03    5.85857e+03    5.95958e+03    6.06059e+03    6.16160e+03    6.26261e+03    6.36362e+03    6.46463e+03    6.56564e+03    6.66665e+03    6.76766e+03    6.86867e+03    6.96968e+03    7.07069e+03    7.17170e+03    7.27271e+03    7.37372e+03    7.47473e+03    7.57574e+03    7.67675e+03    7.77776e+03    7.87877e+03    7.97978e+03    8.08079e+03    8.18180e+03    8.28281e+03    8.38382e+03    8.48483e+03    8.58584e+03    8.68685e+03    8.78786e+03    8.88887e+03    8.98988e+03    9.09089e+03    9.19190e+03    9.29291e+03    9.39392e+03    9.49493e+03    9.59594e+03    9.69695e+03    9.79796e+03    9.89897e+03    9.99998e+03
   -6.43016e-03    1.01004e+02    2.02013e+02    3.03023e+02    4.04033e+02    5.05043e+02    6.06053e+02    7.07063e+02    8.08073e+02    9.09083e+02    1.01009e+03    1.11110e+03    1.21211e+03    1.31312e+03    1.41413e+03    1.51514e+03    1.61615e+03    1.71716e+03    1.81817e+03    1.91918e+03    2.02019e+03    2.12120e+03    2.22221e+03    2.32322e+03    2.42423e+03    2.52524e+03    2.62625e+03    2.72726e+03    2.82827e+03    2.92928e+03    3.03029e+03    3.13130e+03    3.23231e+03    3.33332e+03    3.43433e+03    3.53534e+03    3.63635e+03    3.73736e+03    3.83837e+03    3.93938e+03    4.04039e+03    4.14140e+03    4.24241e+03    4.34342e+03    4.44443e+03    4.54544e+03    4.64645e+03    4.74746e+03    4.84847e+03    4.94948e+03    5.05049e+03    5.15150e+03    5.25251e+03    5.35352e+03    5.45453e+03    5.55554e+03    5.65655e+03    5.75756e+03    5.85857e+03    5.95958e+03    6.06059e+03    6.16160e+03    6.26261e+03    6.36362e+03    6.46463e+03    6.56564e+03    6.66665e+03    6.76766e+03    6.86867e+03    6.96968e+03    7.07069e+03    7.17170e+03    7.27271e+03    7.37372e+03    7.47473e+03    7.57574e+03    7.67675e+03    7.77776e+03    7.87877e+03    7.97978e+03    8.08079e+03    8.18180e+03    8.28281e+03    8.38382e+03    8.48483e+03    8.58584e+03    8.68685e+03    8.78786e+03    8.88887e+03    8.98988e+03    9.09089e+03    9.19190e+03    9.29291e+03    9.39392e+03    9.49493e+03    9.59594e+03    9.69695e+03    9.79796e+03    9.89897e+03    9.99998e+03
   -7.34875e-03    1.01003e+02    2.02013e+02    3.03022e+02    4.04032e+02    5.05042e+02    6.06052e+02    7.07062e+02    8.08072e+02    9.09082e+02    1.01009e+03    1.11110e+03    1.21211e+03    1.31312e+03    1.41413e+03    1.51514e+03    1.61615e+03    1.71716e+03    1.81817e+03    1.91918e+03    2.02019e+03    2.12120e+03    2.22221e+03    2.32322e+03    2.42423e+03    2.52524e+03    2.62625e+03    2.72726e+03    2.82827e+03    2.92928e+03    3.03029e+03    3.13130e+03    3.23231e+03    3.33332e+03    3.43433e+03    3.53534e+03    3.63635e+03    3.73736e+03    3.83837e+03    3.93938e+03    4.04039e+03    4.14140e+03    4.24241e+03    4.34342e+03    4.44443e+03    4.54544e+03    4.64645e+03    4.74746e+03    4.84847e+03    4.94948e+03    5.05049e+03    5.15150e+03    5.25251e+03    5.35352e+03    5.45453e+03    5.55554e+03    5.65655e+03    5.75756e+03    5.85857e+03    5.95958e+03    6.06059e+03    6.16160e+03    6.26261e+03    6.36362e+03    6.46463e+03    6.56564e+03    6.66665e+03    6.76766e+03    6.86867e+03    6.96968e+03    7.07069e+03    7.17170e+03    7.27271e+03    7.37372e+03    7.47473e+03    7.57574e+03    7.67675e+03    7.77776e+03    7.87877e+03    7.97978e+03    8.08079e+03    8.18180e+03    8.28281e+03    8.38382e+03    8.48483e+03    8.58584e+03    8.68685e+03    8.78786e+03    8.88887e+03    8.98988e+03    9.09089e+03    9.19190e+03    9.29291e+03    9.39392e+03    9.49493e+03    9.59594e+03    9.69695e+03    9.79796e+03    9.89897e+03    9.99998e+03
   -8.26734e-03    1.01002e+02    2.02012e+02    3.03022e+02    4.04032e+02    5.05041e+02    6.06051e+02    7.07061e+02    8.08071e+02    9.09081e+02    1.01009e+03    1.11110e+03    1.21211e+03    1.31312e+03    1.41413e+03    1.51514e+03    1.61615e+03    1.71716e+03    1.81817e+03    1.91918e+03    2.02019e+03    2.12120e+03    2.22221e+03    2.32322e+03    2.42423e+03    2.52524e+03    2.62625e+03    2.72726e+03    2.82827e+03    2.92928e+03    3.03029e+03    3.13130e+03    3.23231e+03    3.33332e+03    3.43433e+03    3.53534e+03    3.63635e+03    3.73736e+03    3.83837e+03    3.93938e+03    4.04039e+03    4.14140e+03    4.24241e+03    4.34342e+03    4.44443e+03    4.54544e+03    4.64645e+03    4.74746e+03    4.84847e+03    4.94948e+03    5.05049e+03    5.15150e+03    5.25251e+03    5.35352e+03    5.45453e+03    5.55554e+03    5.65655e+03    5.75756e+03    5.85857e+03    5.95958e+03    6.06059e+03    6.16160e+03    6.26261e+03    6.36362e+03    6.46463e+03    6.56564e+03    6.66665e+03    6.76766e+03    6.86867e+03    6.96968e+03    7.07069e+03    7.17170e+03    7.27271e+03    7.37372e+03    7.47473e+03    7.57574e+03    7.67675e+03    7.77776e+03    7.87877e+03    7.97978e+03    8.08079e+03    8.18180e+03    8.28281e+03    8.38382e+03    8.48483e+03    8.58584e+03    8.68685e+03    8.78786e+03    8.88887e+03    8.98988e+03    9.09089e+03    9.19190e+03    9.29291e+03    9.39392e+03    9.49493e+03    9.59594e+03    9.69695e+03    9.79796e+03    9.89897e+03    9.99998e+03
   -9.18594e-03    1.01001e+02    2.02011e+02    3.03021e+02    4.04031e+02    5.05041e+02    6.06050e+02    7.07060e+02    8.08070e+02    9.09080e+02    1.01009e+03    1.11110e+03    1.21211e+03    1.31312e+03    1.41413e+03    1.51514e+03    1.61615e+03    1.71716e+03    1.81817e+03    1.91918e+03    2.02019e+03    2.12120e+03    2.22221e+03    2.32322e+03    2.42423e+03    2.52524e+03    2.62625e+03    2.72726e+03    2.82827e+03    2.92928e+03    3.03029e+03    3.13130e+03    3.23231e+03    3.33332e+03    3.43433e+03    3.53534e+03    3.63635e+03    3.73736e+03    3.83837e+03    3.93938e+03    4.04039e+03    4.14140e+03    4.24241e+03    4.34342e+03    4.44443e+03    4.54544e+03    4.64645e+03    4.74746e+03    4.84847e+03    4.94948e+03    5.05049e+03    5.15150e+03    5.25251e+03    5.35352e+03    5.45453e+03    5.55554e+03    5.65655e+03    5.75756e+03    5.85857e+03    5.95958e+03    6.06059e+03    6.16160e+03    6.26261e+03    6.36362e+03    6.46463e+03    6.56564e+03    6.66665e+03    6.76766e+03    6.86867e+03    6.96968e+03    7.07069e+03    7.17170e+03    7.27271e+03    7.37372e+03    7.47473e+03    7.57574e+03    7.67675e+03    7.77776e+03    7.87877e+03    7.97978e+03    8.08079e+03    8.18180e+03    8.28281e+03    8.38382e+03    8.48483e+03    8.58584e+03    8.68685e+03    8.78786e+03    8.88887e+03    8.98988e+03    9.09089e+03    9.19190e+03    9.29291e+03    9.39392e+03    9.49493e+03    9.59594e+03    9.69695e+03    9.79796e+03    9.89897e+03    9.99998e+03
   -1.01045e-02    1.01000e+02    2.02010e+02    3.03020e+02    4.04030e+02    5.05040e+02    6.06050e+02    7.07060e+02    8.08069e+02    9.09079e+02    1.01009e+03    1.11110e+03    1.21211e+03    1.31312e+03    1.41413e+03    1.51514e+03    1.61615e+03    1.71716e+03    1.81817e+03    1.91918e+03    2.02019e+03    2.12120e+03    2.22221e+03    2.32322e+03    2.42423e+03    2.52524e+03    2.62625e+03    2.72726e+03    2.82827e+03    2.92928e+03    3.03029e+03    3.13130e+03    3.23231e+03    3.33332e+03    3.43433e+03    3.53534e+03    3.63635e+03    3.73736e+03    3.83837e+03    3.93938e+03    4.04039e+03    4.14140e+03    4.24241e+03    4.34342e+03    4.44443e+03    4.54544e+03    4.64645e+03    4.74746e+03    4.84847e+03    4.94948e+03    5.05049e+03    5.15150e+03    5.25251e+03    5.35352e+03    5.45453e+03    5.55554e+03    5.65655e+03    5.75756e+03    5.85857e+03    5.95958e+03    6.06059e+03    6.16160e+03    6.26261e+03    6.36362e+03    6.46463e+03    6.56564e+03    6.66665e+03    6.76766e+03    6.86867e+03    6.96968e+03    7.07069e+03    7.17170e+03    7.27271e+03    7.37372e+03    7.47473e+03    7.57574e+03    7.67675e+03    7.77776e+03    7.87877e+03    7.97978e+03    8.08079e+03    8.18180e+03    8.28281e+03    8.38382e+03    8.48483e+03    8.58584e+03    8.68685e+03    8.78786e+03    8.88887e+03    8.98988e+03    9.09089e+03    9.19190e+03    9.29291e+03    9.39391e+03    9.49492e+03    9.59593e+03    9.69694e+03    9.79795e+03    9.89896e+03    9.99997e+03
   -1.10231e-02    1.00999e+02    2.02009e+02    3.03019e+02    4.04029e+02    5.05039e+02    6.06049e+02    7.07059e+02    8.08069e+02    9.09079e+02    1.01009e+03    1.11110e+03    1.21211e+03    1.31312e+03    1.41413e+03    1.51514e+03    1.61615e+03    1.71716e+03    1.81817e+03    1.91918e+03    2.02019e+03    2.12120e+03    2.22221e+03    2.32322e+03    2.42423e+03    2.52524e+03    2.62625e+03    2.72726e+03    2.82827e+03    2.92928e+03    3.03029e+03    3.13130e+03    3.23231e+03    3.33332e+03    3.43433e+03    3.53534e+03    3.63635e+03    3.73736e+03    3.83837e+03    3.93938e+03    4.04039e+03    4.14140e+03    4.24241e+03    4.34342e+03    4.44443e+03    4.54544e+03    4.64645e+03    4.74746e+03    4.84847e+03    4.94948e+03    5.05049e+03    5.15150e+03    5.25251e+03    5.35352e+03    5.45453e+03    5.55554e+03    5.65655e+03    5.75756e+03    5.85857e+03    5.95958e+03    6.06059e+03    6.16160e+03    6.26261e+03    6.36362e+03    6.46463e+03    6.56564e+03    6.66665e+03    6.76766e+03    6.86867e+03    6.96968e+03    7.07069e+03    7.17170e+03    7.27271e+03    7.37372e+03    7.47473e+03    7.57574e+03    7.67674e+03    7.77775e+03    7.87876e+03    7.97977e+03    8.08078e+03    8.18179e+03    8.28280e+03    8.38381e+03    8.48482e+03    8.58583e+03    8.68684e+03    8.78785e+03    8.88886e+03    8.98987e+03    9.09088e+03    9.19189e+03    9.29290e+03    9.39391e+03    9.49492e+03    9.59593e+03    9.69694e+03    9.79795e+03    9.89896e+03    9.99997e+03
   -1.19417e-02    1.00998e+02    2.02008e+02    3.03018e+02    4.04028e+02    5.05038e+02    6.06048e+02    7.07058e+02    8.08068e+02    9.09078e+02    1.01009e+03    1.11110e+03    1.21211e+03    1.31312e+03    1.41413e+03    1.51514e+03    1.61615e+03    1.71716e+03    1.81817e+03    1.91918e+03    2.02019e+03    2.12120e+03    2.22221e+03    2.32322e+03    2.42423e+03    2.52524e+03    2.62625e+03    2.72726e+03    2.82827e+03    2.92928e+03    3.03029e+03    3.13130e+03    3.23231e+03    3.33332e+03    3.43433e+03    3.53534e+03    3.63635e+03    3.73736e+03    3.83837e+03    3.93938e+03    4.04039e+03    4.14140e+03    4.24241e+03    4.34342e+03    4.44443e+03    4.54544e+03    4.64645e+03    4.74746e+03    4.84847e+03    4.94948e+03    5.05049e+03    5.15150e+03    5.25251e+03    5.35352e+03    5.45453e+03    5.55554e+03    5.65655e+03    5.75756e+03    5.85856e+03    5.95957e+03    6.06058e+03    6.16159e+03    6.26260e+03    6.36361e+03    6.46462e+03    6.56563e+03    6.66664e+03    6.76765e+03    6.86866e+03    6.96967e+03    7.07068e+03    7.17169e+03    7.27270e+03    7.37371e+03    7.47472e+03    7.57573e+03    7.67674e+03    7.77775e+03    7.87876e+03    7.97977e+03    8.08078e+03    8.18179e+03    8.28280e+03    8.38381e+03    8.48482e+03    8.58583e+03    8.68684e+03    8.78785e+03    8.88886e+03    8.98987e+03    9.09088e+03    9.19189e+03    9.29290e+03    9.39391e+03    9.49492e+03    9.59593e+03    9.69694e+03    9.79795e+03    9.89896e+03    9.99997e+03
   -1.28603e-02    1.00997e+02    2.02007e+02    3.03017e+02    4.04027e+02    5.05037e+02    6.06047e+02    7.07057e+02    8.08067e+02    9.09077e+02    1.01009e+03    1.11110e+03    1.21211e+03    1.31312e+03    1.41413e+03    1.51514e+03    1.61615e+03    1.71716e+03    1.81817e+03    1.91918e+03    2.02019e+03    2.12120e+03    2.22221e+03    2.32322e+03    2.42423e+03    2.52524e+03    2.62625e+03    2.72726e+03    2.82827e+03    2.92928e+03    3.03029e+03    3.13130e+03    3.23231e+03    3.33332e+03    3.43433e+03    3.53534e+03    3.63635e+03    3.73736e+03    3.83837e+03    3.93938e+03    4.04039e+03    4.14139e+03    4.24240e+03    4.34341e+03    4.44442e+03    4.54543e+03    4.64644e+03    4.74745e+03    4.84846e+03    4.94947e+03    5.05048e+03    5.15149e+03    5.25250e+03    5.35351e+03    5.45452e+03    5.55553e+03    5.65654e+03    5.75755e+03    5.85856e+03    5.95957e+03    6.06058e+03    6.16159e+03    6.26260e+03    6.36361e+03    6.46462e+03    6.56563e+03    6.66664e+03    6.76765e+03    6.86866e+03    6.96967e+03    7.07068e+03    7.17169e+03    7.27270e+03    7.37371e+03    7.47472e+03    7.57573e+03    7.67674e+03    7.77775e+03    7.87876e+03    7.97977e+03    8.08078e+03    8.18179e+03    8.28280e+03    8.38381e+03    8.48482e+03    8.58583e+03    8.68684e+03    8.78785e+03    8.88886e+03    8.98987e+03    9.09088e+03    9.19189e+03    9.29290e+03    9.39391e+03    9.49492e+03    9.59593e+03    9.69694e+03    9.79795e+03    9.89896e+03    9.99997e+03
   -1.37789e-02    1.00996e+02    2.02006e+02    3.03016e+02    4.04026e+02    5.05036e+02    6.06046e+02    7.07056e+02    8.08066e+02    9.09076e+02    1.01009e+03    1.11110e+03    1.21211e+03    1.31312e+03    1.41413e+03    1.51514e+03    1.61615e+03    1.71716e+03    1.81817e+03    1.91918e+03    2.02019e+03    2.12120e+03    2.22221e+03    2.32322e+03    2.42422e+03    2.52523e+03    2.62624e+03    2.72725e+03    2.82826e+03    2.92927e+03    3.03028e+03    3.13129e+03    3.23230e+03    3.33331e+03    3.43432e+03    3.53533e+03    3.63634e+03    3.73735e+03    3.83836e+03    3.93937e+03    4.04038e+03    4.14139e+03    4.24240e+03    4.34341e+03    4.44442e+03    4.54543e+03    4.64644e+03    4.74745e+03    4.84846e+03    4.94947e+03    5.05048e+03    5.15149e+03    5.25250e+03    5.35351e+03    5.45452e+03    5.55553e+03    5.65654e+03    5.75755e+03    5.85856e+03    5.95957e+03    6.06058e+03    6.16159e+03    6.26260e+03    6.36361e+03    6.46462e+03    6.56563e+03    6.66664e+03    6.76765e+03    6.86866e+03    6.96967e+03    7.07068e+03    7.17169e+03    7.27270e+03    7.37371e+03    7.47472e+03    7.57573e+03    7.67674e+03    7.77775e+03    7.87876e+03    7.97977e+03    8.08078e+03    8.18179e+03    8.28280e+03    8.38381e+03    8.48482e+03    8.58583e+03    8.68684e+03    8.78785e+03    8.88886e+03    8.98987e+03    9.09088e+03    9.19189e+03    9.29290e+03    9.39391e+03    9.49492e+03    9.59593e+03    9.69694e+03    9.79795e+03    9.89896e+03    9.99997e+03
   -1.46975e-02    1.00995e+02    2.02005e+02    3.03015e+02    4.04025e+02    5.05035e+02    6.06045e+02    7.07055e+02    8.08065e+02    9.09075e+02    1.01008e+03    1.11109e+03    1.21210e+03    1.31311e+03    1.41412e+03    1.51513e+03    1.61614e+03    1.71715e+03    1.81816e+03    1.91917e+03    2.02018e+03    2.12119e+03    2.22220e+03    2.32321e+03    2.42422e+03    2.52523e+03    2.62624e+03    2.72725e+03    2.82826e+03    2.92927e+03    3.03028e+03    3.13129e+03    3.23230e+03    3.33331e+03    3.43432e+03    3.53533e+03    3.63634e+03    3.73735e+03    3.83836e+03    3.93937e+03    4.04038e+03    4.14139e+03    4.24240e+03    4.34341e+03    4.44442e+03    4.54543e+03    4.64644e+03    4.74745e+03    4.84846e+03    4.94947e+03    5.05048e+03    5.15149e+03    5.25250e+03    5.35351e+03    5.45452e+03    5.55553e+03    5.65654e+03    5.75755e+03    5.85856e+03    5.95957e+03    6.06058e+03    6.16159e+03    6.26260e+03    6.36361e+03    6.46462e+03    6.56563e+03    6.66664e+03    6.76765e+03    6.86866e+03    6.96967e+03    7.07068e+03    7.17169e+03    7.27270e+03    7.37371e+03    7.47472e+03    7.57573e+03    7.67674e+03    7.77775e+03    7.87876e+03    7.97977e+03    8.08078e+03    8.18179e+03    8.28280e+03    8.38381e+03    8.48482e+03    8.58583e+03    8.68684e+03    8.78785e+03    8.88886e+03    8.98987e+03    9.09088e+03    9.19189e+03    9.29290e+03    9.39391e+03    9.49492e+03    9.59593e+03    9.69694e+03    9.79795e+03    9.89896e+03    9.99997e+03
   -1.56161e-02    1.00994e+02    2.02004e+02    3.03014e+02    4.04024e+02    5.05034e+02    6.06044e+02    7.07054e+02    8.08064e+02    9.09074e+02    1.01008e+03    1.11109e+03    1.21210e+03    1.31311e+03    1.41412e+03    1.51513e+03    1.61614e+03    1.71715e+03    1.81816e+03    1.91917e+03    2.02018e+03    2.12119e+03    2.22220e+03    2.32321e+03    2.42422e+03    2.52523e+03    2.62624e+03    2.72725e+03    2.82826e+03    2.92927e+03    3.03028e+03    3.13129e+03    3.23230e+03    3.33331e+03    3.43432e+03    3.53533e+03    3.63634e+03    3.73735e+03    3.83836e+03    3.93937e+03    4.04038e+03    4.14139e+03    4.24240e+03    4.34341e+03    4.44442e+03    4.54543e+03    4.64644e+03    4.74745e+03    4.84846e+03    4.94947e+03    5.05048e+03    5.15149e+03    5.25250e+03    5.35351e+03    5.45452e+03    5.55553e+03    5.65654e+03    5.75755e+03    5.85856e+03    5.95957e+03    6.06058e+03    6.16159e+03    6.26260e+03    6.36361e+03    6.46462e+03    6.56563e+03    6.66664e+03    6.76765e+03    6.86866e+03    6.96967e+03    7.07068e+03    7.17169e+03    7.27270e+03    7.37371e+03    7.47472e+03    7.57573e+03    7.67674e+03    7.77775e+03    7.87876e+03    7.97977e+03    8.08078e+03    8.18179e+03    8.28280e+03    8.38381e+03    8.48482e+03    8.58583e+03    8.68684e+03    8.78785e+03    8.88886e+03    8.98987e+03    9.09088e+03    9.19189e+03    9.29290e+03    9.39391e+03    9.49492e+03    9.59593e+03    9.69694e+03    9.79795e+03    9.89896e+03    9.99997e+03
   -1.65347e-02    1.00993e+02    2.02003e+02    3.03013e+02    4.04023e+02    5.05033e+02    6.06043e+02    7.07053e+02    8.08063e+02    9.09073e+02    1.01008e+03    1.11109e+03    1.21210e+03    1.31311e+03    1.41412e+03    1.51513e+03    1.61614e+03    1.71715e+03    1.81816e+03    1.91917e+03    2.02018e+03    2.12119e+03    2.22220e+03    2.32321e+03    2.42422e+03    2.52523e+03    2.62624e+03    2.72725e+03    2.82826e+03    2.92927e+03    3.03028e+03    3.13129e+03    3.23230e+03    3.33331e+03    3.43432e+03    3.53533e+03    3.63634e+03    3.73735e+03    3.83836e+03    3.93937e+03    4.04038e+03    4.14139e+03    4.24240e+03    4.34341e+03    4.44442e+03    4.54543e+03    4.64644e+03    4.74745e+03    4.84846e+03    4.94947e+03    5.05048e+03    5.15149e+03    5.25250e+03    5.35351e+03    5.45452e+03    5.55553e+03    5.65654e+03    5.75755e+03    5.85856e+03    5.95957e+03    6.06058e+03    6.16159e+03    6.26260e+03    6.36361e+03    6.46462e+03    6.56563e+03    6.66664e+03    6.76765e+03    6.86866e+03    6.96967e+03    7.07068e+03    7.17169e+03    7.27270e+03    7.37371e+03    7.47472e+03    7.57573e+03    7.67674e+03    7.77775e+03    7.87876e+03    7.97977e+03    8.08078e+03    8.18179e+03    8.28280e+03    8.38381e+03    8.48482e+03    8.58583e+03    8.68684e+03    8.78785e+03    8.88886e+03    8.98987e+03    9.09088e+03    9.19189e+03    9.29290e+03    9.39391e+03    9.49492e+03    9.59593e+03    9.69694e+03    9.79795e+03    9.89896e+03    9.99997e+03
   -1.74533e-02    1.00992e+02    2.02002e+02    3.03012e+02    4.04022e+02    5.05032e+02    6.06042e+02    7.07052e+02    8.08062e+02    9.09072e+02    1.01008e+03    1.11109e+03    1.21210e+03    1.31311e+03    1.41412e+03    1.51513e+03    1.61614e+03    1.71715e+03    1.81816e+03    1.91917e+03    2.02018e+03    2.12119e+03    2.22220e+03    2.32321e+03    2.42422e+03    2.52523e+03    2.62624e+03    2.72725e+03    2.82826e+03    2.92927e+03    3.03028e+03    3.13129e+03    3.23230e+03    3.33331e+03    3.43432e+03    3.53533e+03    3.63634e+03    3.73735e+03    3.83836e+03    3.93937e+03    4.04038e+03    4.14139e+03    4.24240e+03    4.34341e+03    4.44442e+03    4.54543e+03    4.64644e+03    4.74745e+03    4.84846e+03    4.94947e+03    5.05048e+03    5.15149e+03    5.25250e+03    5.35351e+03    5.45452e+03    5.55553e+03    5.65654e+03    5.75755e+03    5.85856e+03    5.95957e+03    6.06058e+03    6.16159e+03    6.26260e+03    6.36361e+03    6.46462e+03    6.56563e+03    6.66664e+03    6.76765e+03    6.86866e+03    6.96967e+03    7.07068e+03    7.17169e+03    7.27270e+03    7.37371e+03    7.47472e+03    7.57573e+03    7.67674e+03    7.77775e+03    7.87876e+03    7.97977e+03    8.08078e+03    8.18179e+03    8.28280e+03    8.38381e+03    8.48482e+03    8.58583e+03    8.68684e+03    8.78785e+03    8.88886e+03    8.98987e+03    9.09088e+03    9.19189e+03    9.29290e+03    9.39391e+03    9.49492e+03    9.59593e+03    9.69694e+03    9.79795e+03    9.89896e+03    9.99997e+03
\ m

NODES_Y
    0.00000e+00    1.76296e-01    3.52592e-01    5.28887e-01    7.05183e-01    8.81479e-01    1.05777e+00    1.23407e+00    1.41037e+00    1.58666e+00    1.76296e+00    1.93925e+00    2.11555e+00    2.29185e+00    2.46814e+00    2.64444e+00    2.82073e+00    2.99703e+00    3.17332e+00    3.34962e+00    3.52592e+00    3.70221e+00    3.87851e+00    4.05480e+00    4.23110e+00    4.40739e+00    4.58369e+00    4.75999e+00    4.93628e+00    5.11258e+00    5.28887e+00    5.46517e+00    5.64147e+00    5.81776e+00    5.99406e+00    6.17035e+00    6.34665e+00    6.52294e+00    6.69924e+00    6.87554e+00    7.05183e+00    7.22813e+00    7.40442e+00    7.58072e+00    7.75701e+00    7.93331e+00    8.10961e+00    8.28590e+00    8.46220e+00    8.63849e+00    8.81479e+00    8.99109e+00    9.16738e+00    9.34368e+00    9.51997e+00    9.69627e+00    9.87256e+00    1.00489e+01    1.02252e+01    1.04015e+01    1.05777e+01    1.07540e+01    1.09303e+01    1.11066e+01    1.12829e+01    1.14592e+01    1.16355e+01    1.18118e+01    1.19881e+01    1.21644e+01    1.23407e+01    1.25170e+01    1.26933e+01    1.28696e+01    1.30459e+01    1.32222e+01    1.33985e+01    1.35748e+01    1.37511e+01    1.39274e+01    1.41037e+01    1.42800e+01    1.44563e+01    1.46326e+01    1.48088e+01    1.49851e+01    1.51614e+01    1.53377e+01    1.55140e+01    1.56903e+01    1.58666e+01    1.60429e+01    1.62192e+01    1.63955e+01    1.65718e+01    1.67481e+01    1.69244e+01    1.71007e+01    1.72770e+01    1.74533e+01
    5.26315e-01    7.02611e-01    8.78907e-01    1.05520e+00    1.23150e+00    1.40779e+00    1.58409e+00    1.76039e+00    1.93668e+00    2.11298e+00    2.28927e+00    2.46557e+00    2.64186e+00    2.81816e+00    2.99446e+00    3.17075e+00    3.34705e+00    3.52334e+00    3.69964e+00    3.87594e+00    4.05223e+00    4.22853e+00    4.40482e+00    4.58112e+00    4.75741e+00    4.93371e+00    5.11001e+00    5.28630e+00    5.46260e+00    5.63889e+00    5.81519e+00    5.99148e+00    6.16778e+00    6.34408e+00    6.52037e+00    6.69667e+00    6.87296e+00    7.04926e+00    7.22556e+00    7.40185e+00    7.57815e+00    7.75444e+00    7.93074e+00    8.10703e+00    8.28333e+00    8.45963e+00    8.63592e+00    8.81222e+00    8.98851e+00    9.16481e+00    9.34110e+00    9.51740e+00    9.69370e+00    9.86999e+00    1.00463e+01    1.02226e+01    1.03989e+01    1.05752e+01    1.07515e+01    1.09278e+01    1.11041e+01    1.12804e+01    1.14567e+01    1.16330e+01    1.18092e+01    1.19855e+01    1.21618e+01    1.23381e+01    1.25144e+01    1.26907e+01    1.28670e+01    1.30433e+01    1.32196e+01    1.33959e+01    1.35722e+01    1.37485e+01    1.39248e+01    1.41011e+01    1.42774e+01    1.44537e+01    1.46300e+01    1.48063e+01    1.49826e+01    1.51589e+01    1.53352e+01    1.55115e+01    1.56878e+01    1.58640e+01    1.60403e+01    1.62166e+01    1.63929e+01    1.65692e+01    1.67455e+01    1.69218e+01    1.70981e+01    1.72744e+01    1.74507e+01    1.76270e+01    1.78033e+01    1.79796e+01
    1.05263e+00    1.22893e+00    1.40522e+00    1.58152e+00    1.75781e+00    1.93411e+00    2.11040e+00    2.28670e+00    2.46300e+00    2.63929e+00    2.81559e+00    2.99188e+00    3.16818e+00    3.34448e+00    3.52077e+00    3.69707e+00    3.87336e+00    4.04966e+00    4.22595e+00    4.40225e+00    4.57855e+00    4.75484e+00    4.93114e+00    5.10743e+00    5.28373e+00    5.46002e+00    5.63632e+00    5.81262e+00    5.98891e+00    6.16521e+00    6.34150e+00    6.51780e+00    6.69410e+00    6.87039e+00    7.04669e+00    7.22298e+00    7.39928e+00    7.57557e+00    7.75187e+00    7.92817e+00    8.10446e+00    8.28076e+00    8.45705e+00    8.63335e+00    8.80964e+00    8.98594e+00    9.16224e+00    9.33853e+00    9.51483e+00    9.69112e+00    9.86742e+00    1.00437e+01    1.02200e+01    1.03963e+01    1.05726e+01    1.07489e+01    1.09252e+01    1.11015e+01    1.12778e+01    1.14541e+01    1.16304e+01    1.18067e+01    1.19830e+01    1.21593e+01    1.23356e+01    1.25119e+01    1.26882e+01    1.28644e+01    1.30407e+01    1.32170e+01    1.33933e+01    1.35696e+01    1.37459e+01    1.39222e+01    1.40985e+01    1.42748e+01    1.44511e+01    1.46274e+01    1.48037e+01    1.49800e+01    1.51563e+01    1.53326e+01    1.55089e+01    1.56852e+01    1.58615e+01    1.60378e+01    1.62141e+01    1.63904e+01    1.65667e+01    1.67430e+01    1.69193e+01    1.70955e+01    1.72718e+01    1.74481e+01    1.76244e+01    1.78007e+01    1.79770e+01    1.81533e+01    1.83296e+01    1.85059e+01
    1.57894e+00    1.75524e+00    1.93154e+00    2.10783e+00    2.28413e+00    2.46042e+00    2.63672e+00    2.81302e+00    2.98931e+00    3.16561e+00    3.34190e+00    3.51820e+00    3.69449e+00    3.87079e+00    4.04709e+00    4.22338e+00    4.39968e+00    4.57597e+00    4.75227e+00    4.92857e+00    5.10486e+00    5.28116e+00    5.45745e+00    5.63375e+00    5.81004e+00    5.98634e+00    6.16264e+00    6.33893e+00    6.51523e+00    6.69152e+00    6.86782e+00    7.04411e+00    7.22041e+00    7.39671e+00    7.57300e+00    7.74930e+00    7.92559e+00    8.10189e+00    8.27819e+00    8.45448e+00    8.63078e+00    8.80707e+00    8.98337e+00    9.15966e+00    9.33596e+00    9.51226e+00    9.68855e+00    9.86485e+00    1.00411e+01    1.02174e+01    1.03937e+01    1.05700e+01    1.07463e+01    1.09226e+01    1.10989e+01    1.12752e+01    1.14515e+01    1.16278e+01    1.18041e+01    1.19804e+01    1.21567e+01    1.23330e+01    1.25093e+01    1.26856e+01    1.28619e+01    1.30382e+01    1.32145e+01    1.33908e+01    1.35671e+01    1.37434e+01    1.39197e+01    1.40959e+01    1.42722e+01    1.44485e+01    1.46248e+01    1.48011e+01    1.49774e+01    1.51537e+01    1.53300e+01    1.55063e+01    1.56826e+01    1.58589e+01    1.60352e+01    1.62115e+01    1.63878e+01    1.65641e+01    1.67404e+01    1.69167e+01    1.70930e+01    1.72693e+01    1.74456e+01    1.76219e+01    1.77982e+01    1.79745e+01    1.81507e+01    1.83270e+01    1.85033e+01    1.86796e+01    1.88559e+01    1.90322e+01
    2.10526e+00    2.28156e+00    2.45785e+00    2.63415e+00    2.81044e+00    2.98674e+00    3.16303e+00    3.33933e+00    3.51563e+00    3.69192e+00    3.86822e+00    4.04451e+00    4.22081e+00    4.39711e+00    4.57340e+00    4.74970e+00    4.92599e+00    5.10229e+00    5.27858e+00    5.45488e+00    5.63118e+00    5.80747e+00    5.98377e+00    6.16006e+00    6.33636e+00    6.51265e+00    6.68895e+00    6.86525e+00    7.04154e+00    7.21784e+00    7.39413e+00    7.57043e+00    7.74673e+00    7.92302e+00    8.09932e+00    8.27561e+00    8.45191e+00    8.62820e+00    8.80450e+00    8.98080e+00    9.15709e+00    9.33339e+00    9.50968e+00    9.68598e+00    9.86227e+00    1.00386e+01    1.02149e+01    1.03912e+01    1.05675e+01    1.07438e+01    1.09200e+01    1.10963e+01    1.12726e+01    1.14489e+01    1.16252e+01    1.18015e+01    1.19778e+01    1.21541e+01    1.23304e+01    1.25067e+01    1.26830e+01    1.28593e+01    1.30356e+01    1.32119e+01    1.33882e+01    1.35645e+01    1.37408e+01    1.39171e+01    1.40934e+01    1.42697e+01    1.44460e+01    1.46223e+01    1.47986e+01    1.49749e+01    1.51511e+01    1.53274e+01    1.55037e+01    1.56800e+01    1.58563e+01    1.60326e+01    1.62089e+01    1.63852e+01    1.65615e+01    1.67378e+01    1.69141e+01    1.70904e+01    1.72667e+01    1.74430e+01    1.76193e+01    1.77956e+01    1.79719e+01    1.81482e+01    1.83245e+01    1.85008e+01    1.86771e+01    1.88534e+01    1.90297e+01    1.92060e+01    1.93822e+01    1.95585e+01
    2.63157e+00    2.80787e+00    2.98417e+00    3.16046e+00    3.33676e+00    3.51305e+00    3.68935e+00    3.86565e+00    4.04194e+00    4.21824e+00    4.39453e+00    4.57083e+00    4.74712e+00    4.92342e+00    5.09972e+00    5.27601e+00    5.45231e+00    5.62860e+00    5.80490e+00    5.98120e+00    6.15749e+00    6.33379e+00    6.51008e+00    6.68638e+00    6.86267e+00    7.03897e+00    7.21527e+00    7.39156e+00    7.56786e+00    7.74415e+00    7.92045e+00    8.09674e+00    8.27304e+00    8.44934e+00    8.62563e+00    8.80193e+00    8.97822e+00    9.15452e+00    9.33082e+00    9.50711e+00    9.68341e+00    9.85970e+00    1.00360e+01    1.02123e+01    1.03886e+01    1.05649e+01    1.07412e+01    1.09175e+01    1.10938e+01    1.12701e+01    1.14464e+01    1.16227e+01    1.17990e+01    1.19753e+01    1.21515e+01    1.23278e+01    1.25041e+01    1.26804e+01    1.28567e+01    1.30330e+01    1.32093e+01    1.33856e+01    1.35619e+01    1.37382e+01    1.39145e+01    1.40908e+01    1.42671e+01    1.44434e+01    1.46197e+01    1.47960e+01    1.49723e+01    1.51486e+01    1.53249e+01    1.55012e+01    1.56775e+01    1.58538e+01    1.60301e+01    1.62064e+01    1.63826e+01    1.65589e+01    1.67352e+01    1.69115e+01    1.70878e+01    1.72641e+01    1.74404e+01    1.76167e+01    1.77930e+01    1.79693e+01    1.81456e+01    1.83219e+01    1.84982e+01    1.86745e+01    1.88508e+01    1.90271e+01    1.92034e+01    1.93797e+01    1.95560e+01    1.97323e+01    1.99086e+01    2.00849e+01
    3.15789e+00    3.33419e+00    3.51048e+00    3.68678e+00    3.86307e+00    4.03937e+00    4.21566e+00    4.39196e+00    4.56826e+00    4.74455e+00    4.92085e+00    5.09714e+00    5.27344e+00    5.44974e+00    5.62603e+00    5.80233e+00    5.97862e+00    6.15492e+00    6.33121e+00    6.50751e+00    6.68381e+00    6.86010e+00    7.03640e+00    7.21269e+00    7.38899e+00    7.56528e+00    7.74158e+00    7.91788e+00    8.09417e+00    8.27047e+00    8.44676e+00    8.62306e+00    8.79936e+00    8.97565e+00    9.15195e+00    9.32824e+00    9.50454e+00    9.68083e+00    9.85713e+00    1.00334e+01    1.02097e+01    1.03860e+01    1.05623e+01    1.07386e+01    1.09149e+01    1.10912e+01    1.12675e+01    1.14438e+01    1.16201e+01    1.17964e+01    1.19727e+01    1.21490e+01    1.23253e+01    1.25016e+01    1.26779e+01    1.28542e+01    1.30305e+01    1.32068e+01    1.33830e+01    1.35593e+01    1.37356e+01    1.39119e+01    1.40882e+01    1.42645e+01    1.44408e+01    1.46171e+01    1.47934e+01    1.49697e+01    1.51460e+01    1.53223e+01    1.54986e+01    1.56749e+01    1.58512e+01    1.60275e+01    1.62038e+01    1.63801e+01    1.65564e+01    1.67327e+01    1.69090e+01    1.70853e+01    1.72616e+01    1.74378e+01    1.76141e+01    1.77904e+01    1.79667e+01    1.81430e+01    1.83193e+01    1.84956e+01    1.86719e+01    1.88482e+01    1.90245e+01    1.92008e+01    1.93771e+01    1.95534e+01    1.97297e+01    1.99060e+01    2.00823e+01    2.02586e+01    2.04349e+01    2.06112e+01
    3.68420e+00    3.86050e+00    4.03680e+00    4.21309e+00    4.38939e+00    4.56568e+00    4.74198e+00    4.91828e+00    5.09457e+00    5.27087e+00    5.44716e+00    5.62346e+00    5.79975e+00    5.97605e+00    6.15235e+00    6.32864e+00    6.50494e+00    6.68123e+00    6.85753e+00    7.03383e+00    7.21012e+00    7.38642e+00    7.56271e+00    7.73901e+00    7.91530e+00    8.09160e+00    8.26790e+00    8.44419e+00    8.62049e+00    8.79678e+00    8.97308e+00    9.14937e+00    9.32567e+00    9.50197e+00    9.67826e+00    9.85456e+00    1.00309e+01    1.02071e+01    1.03834e+01    1.05597e+01    1.07360e+01    1.09123e+01    1.10886e+01    1.12649e+01    1.14412e+01    1.16175e+01    1.17938e+01    1.19701e+01    1.21464e+01    1.23227e+01    1.24990e+01    1.26753e+01    1.28516e+01    1.30279e+01    1.32042e+01    1.33805e+01    1.35568e+01    1.37331e+01    1.39094e+01    1.40857e+01    1.42620e+01    1.44382e+01    1.46145e+01    1.47908e+01    1.49671e+01    1.51434e+01    1.53197e+01    1.54960e+01    1.56723e+01    1.58486e+01    1.60249e+01    1.62012e+01    1.63775e+01    1.65538e+01    1.67301e+01    1.69064e+01    1.70827e+01    1.72590e+01    1.74353e+01    1.76116e+01    1.77879e+01    1.79642e+01    1.81405e+01    1.83168e+01    1.84931e+01    1.86693e+01    1.88456e+01    1.90219e+01    1.91982e+01    1.93745e+01    1.95508e+01    1.97271e+01    1.99034e+01    2.00797e+01    2.02560e+01    2.04323e+01    2.06086e+01    2.07849e+01    2.09612e+01    2.11375e+01
    4.21052e+00    4.38682e+00    4.56311e+00    4.73941e+00    4.91570e+00    5.09200e+00    5.26829e+00    5.44459e+00    5.62089e+00    5.79718e+00    5.97348e+00    6.14977e+00    6.32607e+00    6.50237e+00    6.67866e+00    6.85496e+00    7.03125e+00    7.20755e+00    7.38384e+00    7.56014e+00    7.73644e+00    7.91273e+00    8.08903e+00    8.26532e+00    8.44162e+00    8.61791e+00    8.79421e+00    8.97051e+00    9.14680e+00    9.32310e+00    9.49939e+00    9.67569e+00    9.85199e+00    1.00283e+01    1.02046e+01    1.03809e+01    1.05572e+01    1.07335e+01    1.09098e+01    1.10861e+01    1.12624e+01    1.14386e+01    1.16149e+01    1.17912e+01    1.19675e+01    1.21438e+01    1.23201e+01    1.24964e+01    1.26727e+01    1.28490e+01    1.30253e+01    1.32016e+01    1.33779e+01    1.35542e+01    1.37305e+01    1.39068e+01    1.40831e+01    1.42594e+01    1.44357e+01    1.46120e+01    1.47883e+01    1.49646e+01    1.51409e+01    1.53172e+01    1.54935e+01    1.56697e+01    1.58460e+01    1.60223e+01    1.61986e+01    1.63749e+01    1.65512e+01    1.67275e+01    1.69038e+01    1.70801e+01    1.72564e+01    1.74327e+01    1.76090e+01    1.77853e+01    1.79616e+01    1.81379e+01    1.83142e+01    1.84905e+01    1.86668e+01    1.88431e+01    1.90194e+01    1.91957e+01    1.93720e+01    1.95483e+01    1.97245e+01    1.99008e+01    2.00771e+01    2.02534e+01    2.04297e+01    2.06060e+01    2.07823e+01    2.09586e+01    2.11349e+01    2.13112e+01    2.14875e+01    2.16638e+01
    4.73683e+00    4.91313e+00    5.08943e+00    5.26572e+00    5.44202e+00    5.61831e+00    5.79461e+00    5.97091e+00    6.14720e+00    6.32350e+00    6.49979e+00    6.67609e+00    6.85238e+00    7.02868e+00    7.20498e+00    7.38127e+00    7.55757e+00    7.73386e+00    7.91016e+00    8.08645e+00    8.26275e+00    8.43905e+00    8.61534e+00    8.79164e+00    8.96793e+00    9.14423e+00    9.32053e+00    9.49682e+00    9.67312e+00    9.84941e+00    1.00257e+01    1.02020e+01    1.03783e+01    1.05546e+01    1.07309e+01    1.09072e+01    1.10835e+01    1.12598e+01    1.14361e+01    1.16124e+01    1.17887e+01    1.19650e+01    1.21413e+01    1.23176e+01    1.24938e+01    1.26701e+01    1.28464e+01    1.30227e+01    1.31990e+01    1.33753e+01    1.35516e+01    1.37279e+01    1.39042e+01    1.40805e+01    1.42568e+01    1.44331e+01    1.46094e+01    1.47857e+01    1.49620e+01    1.51383e+01    1.53146e+01    1.54909e+01    1.56672e+01    1.58435e+01    1.60198e+01    1.61961e+01    1.63724e+01    1.65487e+01    1.67249e+01    1.69012e+01    1.70775e+01    1.72538e+01    1.74301e+01    1.76064e+01    1.77827e+01    1.79590e+01    1.81353e+01    1.83116e+01    1.84879e+01    1.86642e+01    1.88405e+01    1.90168e+01    1.91931e+01    1.93694e+01    1.95457e+01    1.97220e+01    1.98983e+01    2.00746e+01    2.02509e+01    2.04272e+01    2.06035e+01    2.07798e+01    2.09560e+01    2.11323e+01    2.13086e+01    2.14849e+01    2.16612e+01    2.18375e+01    2.20138e+01    2.21901e+01
    5.26315e+00    5.43945e+00    5.61574e+00    5.79204e+00    5.96833e+00    6.14463e+00    6.32092e+00    6.49722e+00    6.67352e+00    6.84981e+00    7.02611e+00    7.20240e+00    7.37870e+00    7.55500e+00    7.73129e+00    7.90759e+00    8.08388e+00    8.26018e+00    8.43647e+00    8.61277e+00    8.78907e+00    8.96536e+00    9.14166e+00    9.31795e+00    9.49425e+00    9.67054e+00    9.84684e+00    1.00231e+01    1.01994e+01    1.03757e+01    1.05520e+01    1.07283e+01    1.09046e+01    1.10809e+01    1.12572e+01    1.14335e+01    1.16098e+01    1.17861e+01    1.19624e+01    1.21387e+01    1.23150e+01    1.24913e+01    1.26676e+01    1.28439e+01    1.30202e+01    1.31965e+01    1.33728e+01    1.35491e+01    1.37253e+01    1.39016e+01    1.40779e+01    1.42542e+01    1.44305e+01    1.46068e+01    1.47831e+01    1.49594e+01    1.51357e+01    1.53120e+01    1.54883e+01    1.56646e+01    1.58409e+01    1.60172e+01    1.61935e+01    1.63698e+01    1.65461e+01    1.67224e+01    1.68987e+01    1.70750e+01    1.72513e+01    1.74276e+01    1.76039e+01    1.77802e+01    1.79564e+01    1.81327e+01    1.83090e+01    1.84853e+01    1.86616e+01    1.88379e+01    1.90142e+01    1.91905e+01    1.93668e+01    1.95431e+01    1.97194e+01    1.98957e+01    2.00720e+01    2.02483e+01    2.04246e+01    2.06009e+01    2.07772e+01    2.09535e+01    2.11298e+01    2.13061e+01    2.14824e+01    2.16587e+01    2.18350e+01    2.20113e+01    2.21875e+01    2.23638e+01    2.25401e+01    2.27164e+01
    5.78946e+00    5.96576e+00    6.14206e+00    6.31835e+00    6.49465e+00    6.67094e+00    6.84724e+00    7.02354e+00    7.19983e+00    7.37613e+00    7.55242e+00    7.72872e+00    7.90501e+00    8.08131e+00    8.25761e+00    8.43390e+00    8.61020e+00    8.78649e+00    8.96279e+00    9.13908e+00    9.31538e+00    9.49168e+00    9.66797e+00    9.84427e+00    1.00206e+01    1.01969e+01    1.03732e+01    1.05495e+01    1.07257e+01    1.09020e+01    1.10783e+01    1.12546e+01    1.14309e+01    1.16072e+01    1.17835e+01    1.19598e+01    1.21361e+01    1.23124e+01    1.24887e+01    1.26650e+01    1.28413e+01    1.30176e+01    1.31939e+01    1.33702e+01    1.35465e+01    1.37228e+01    1.38991e+01    1.40754e+01    1.42517e+01    1.44280e+01    1.46043e+01    1.47806e+01    1.49568e+01    1.51331e+01    1.53094e+01    1.54857e+01    1.56620e+01    1.58383e+01    1.60146e+01    1.61909e+01    1.63672e+01    1.65435e+01    1.67198e+01    1.68961e+01    1.70724e+01    1.72487e+01    1.74250e+01    1.76013e+01    1.77776e+01    1.79539e+01    1.81302e+01    1.83065e+01    1.84828e+01    1.86591e+01    1.88354e+01    1.90116e+01    1.91879e+01    1.93642e+01    1.95405e+01    1.97168e+01    1.98931e+01    2.00694e+01    2.02457e+01    2.04220e+01    2.05983e+01    2.07746e+01    2.09509e+01    2.11272e+01    2.13035e+01    2.14798e+01    2.16561e+01    2.18324e+01    2.20087e+01    2.21850e+01    2.23613e+01    2.25376e+01    2.27139e+01    2.28902e+01    2.30665e+01    2.32427e+01
    6.31578e+00    6.49208e+00    6.66837e+00    6.84467e+00    7.02096e+00    7.19726e+00    7.37355e+00    7.54985e+00    7.72615e+00    7.90244e+00    8.07874e+00    8.25503e+00    8.43133e+00    8.60763e+00    8.78392e+00    8.96022e+00    9.13651e+00    9.31281e+00    9.48910e+00    9.66540e+00    9.84170e+00    1.00180e+01    1.01943e+01    1.03706e+01    1.05469e+01    1.07232e+01    1.08995e+01    1.10758e+01    1.12521e+01    1.14284e+01    1.16047e+01    1.17809e+01    1.19572e+01    1.21335e+01    1.23098e+01    1.24861e+01    1.26624e+01    1.28387e+01    1.30150e+01    1.31913e+01    1.33676e+01    1.35439e+01    1.37202e+01    1.38965e+01    1.40728e+01    1.42491e+01    1.44254e+01    1.46017e+01    1.47780e+01    1.49543e+01    1.51306e+01    1.53069e+01    1.54832e+01    1.56595e+01    1.58358e+01    1.60120e+01    1.61883e+01    1.63646e+01    1.65409e+01    1.67172e+01    1.68935e+01    1.70698e+01    1.72461e+01    1.74224e+01    1.75987e+01    1.77750e+01    1.79513e+01    1.81276e+01    1.83039e+01    1.84802e+01    1.86565e+01    1.88328e+01    1.90091e+01    1.91854e+01    1.93617e+01    1.95380e+01    1.97143e+01    1.98906e+01    2.00669e+01    2.02431e+01    2.04194e+01    2.05957e+01    2.07720e+01    2.09483e+01    2.11246e+01    2.13009e+01    2.14772e+01    2.16535e+01    2.18298e+01    2.20061e+01    2.21824e+01    2.23587e+01    2.25350e+01    2.27113e+01    2.28876e+01    2.30639e+01    2.32402e+01    2.34165e+01    2.35928e+01    2.37691e+01
    6.84209e+00    7.01839e+00    7.19469e+00    7.37098e+00    7.54728e+00    7.72357e+00    7.89987e+00    8.07617e+00    8.25246e+00    8.42876e+00    8.60505e+00    8.78135e+00    8.95764e+00    9.13394e+00    9.31024e+00    9.48653e+00    9.66283e+00    9.83912e+00    1.00154e+01    1.01917e+01    1.03680e+01    1.05443e+01    1.07206e+01    1.08969e+01    1.10732e+01    1.12495e+01    1.14258e+01    1.16021e+01    1.17784e+01    1.19547e+01    1.21310e+01    1.23073e+01    1.24836e+01    1.26599e+01    1.28362e+01    1.30124e+01    1.31887e+01    1.33650e+01    1.35413e+01    1.37176e+01    1.38939e+01    1.40702e+01    1.42465e+01    1.44228e+01    1.45991e+01    1.47754e+01    1.49517e+01    1.51280e+01    1.53043e+01    1.54806e+01    1.56569e+01    1.58332e+01    1.60095e+01    1.61858e+01    1.63621e+01    1.65384e+01    1.67147e+01    1.68910e+01    1.70673e+01    1.72435e+01    1.74198e+01    1.75961e+01    1.77724e+01    1.79487e+01    1.81250e+01    1.83013e+01    1.84776e+01    1.86539e+01    1.88302e+01    1.90065e+01    1.91828e+01    1.93591e+01    1.95354e+01    1.97117e+01    1.98880e+01    2.00643e+01    2.02406e+01    2.04169e+01    2.05932e+01    2.07695e+01    2.09458e+01    2.11221e+01    2.12983e+01    2.14746e+01    2.16509e+01    2.18272e+01    2.20035e+01    2.21798e+01    2.23561e+01    2.25324e+01    2.27087e+01    2.28850e+01    2.30613e+01    2.32376e+01    2.34139e+01    2.35902e+01    2.37665e+01    2.39428e+01    2.41191e+01    2.42954e+01
    7.36841e+00    7.54471e+00    7.72100e+00    7.89730e+00    8.07359e+00    8.24989e+00    8.42618e+00    8.60248e+00    8.77878e+00    8.95507e+00    9.13137e+00    9.30766e+00    9.48396e+00    9.66026e+00    9.83655e+00    1.00128e+01    1.01891e+01    1.03654e+01    1.05417e+01    1.07180e+01    1.08943e+01    1.10706e+01    1.12469e+01    1.14232e+01    1.15995e+01    1.17758e+01    1.19521e+01    1.21284e+01    1.23047e+01    1.24810e+01    1.26573e+01    1.28336e+01    1.30099e+01    1.31862e+01    1.33625e+01    1.35388e+01    1.37151e+01    1.38914e+01    1.40677e+01    1.42439e+01    1.44202e+01    1.45965e+01    1.47728e+01    1.49491e+01    1.51254e+01    1.53017e+01    1.54780e+01    1.56543e+01    1.58306e+01    1.60069e+01    1.61832e+01    1.63595e+01    1.65358e+01    1.67121e+01    1.68884e+01    1.70647e+01    1.72410e+01    1.74173e+01    1.75936e+01    1.77699e+01    1.79462e+01    1.81225e+01    1.82987e+01    1.84750e+01    1.86513e+01    1.88276e+01    1.90039e+01    1.91802e+01    1.93565e+01    1.95328e+01    1.97091e+01    1.98854e+01    2.00617e+01    2.02380e+01    2.04143e+01    2.05906e+01    2.07669e+01    2.09432e+01    2.11195e+01    2.12958e+01    2.14721e+01    2.16484e+01    2.18247e+01    2.20010e+01    2.21773e+01    2.23536e+01    2.25298e+01    2.27061e+01    2.28824e+01    2.30587e+01    2.32350e+01    2.34113e+01    2.35876e+01    2.37639e+01    2.39402e+01    2.41165e+01    2.42928e+01    2.44691e+01    2.46454e+01    2.48217e+01
    7.89472e+00    8.07102e+00    8.24732e+00    8.42361e+00    8.59991e+00    8.77620e+00    8.95250e+00    9.12880e+00    9.30509e+00    9.48139e+00    9.65768e+00    9.83398e+00    1.00103e+01    1.01866e+01    1.03629e+01    1.05392e+01    1.07155e+01    1.08918e+01    1.10680e+01    1.12443e+01    1.14206e+01    1.15969e+01    1.17732e+01    1.19495e+01    1.21258e+01    1.23021e+01    1.24784e+01    1.26547e+01    1.28310e+01    1.30073e+01    1.31836e+01    1.33599e+01    1.35362e+01    1.37125e+01    1.38888e+01    1.40651e+01    1.42414e+01    1.44177e+01    1.45940e+01    1.47703e+01    1.49466e+01    1.51229e+01    1.52991e+01    1.54754e+01    1.56517e+01    1.58280e+01    1.60043e+01    1.61806e+01    1.63569e+01    1.65332e+01    1.67095e+01    1.68858e+01    1.70621e+01    1.72384e+01    1.74147e+01    1.75910e+01    1.77673e+01    1.79436e+01    1.81199e+01    1.82962e+01    1.84725e+01    1.86488e+01    1.88251e+01    1.90014e+01    1.91777e+01    1.93540e+01    1.95302e+01    1.97065e+01    1.98828e+01    2.00591e+01    2.02354e+01    2.04117e+01    2.05880e+01    2.07643e+01    2.09406e+01    2.11169e+01    2.12932e+01    2.14695e+01    2.16458e+01    2.18221e+01    2.19984e+01    2.21747e+01    2.23510e+01    2.25273e+01    2.27036e+01    2.28799e+01    2.30562e+01    2.32325e+01    2.34088e+01    2.35851e+01    2.37613e+01    2.39376e+01    2.41139e+01    2.42902e+01    2.44665e+01    2.46428e+01    2.48191e+01    2.49954e+01    2.51717e+01    2.53480e+01
    8.42104e+00    8.59734e+00    8.77363e+00    8.94993e+00    9.12622e+00    9.30252e+00    9.47881e+00    9.65511e+00    9.83141e+00    1.00077e+01    1.01840e+01    1.03603e+01    1.05366e+01    1.07129e+01    1.08892e+01    1.10655e+01    1.12418e+01    1.14181e+01    1.15944e+01    1.17707e+01    1.19470e+01    1.21233e+01    1.22995e+01    1.24758e+01    1.26521e+01    1.28284e+01    1.30047e+01    1.31810e+01    1.33573e+01    1.35336e+01    1.37099e+01    1.38862e+01    1.40625e+01    1.42388e+01    1.44151e+01    1.45914e+01    1.47677e+01    1.49440e+01    1.51203e+01    1.52966e+01    1.54729e+01    1.56492e+01    1.58255e+01    1.60018e+01    1.61781e+01    1.63544e+01    1.65306e+01    1.67069e+01    1.68832e+01    1.70595e+01    1.72358e+01    1.74121e+01    1.75884e+01    1.77647e+01    1.79410e+01    1.81173e+01    1.82936e+01    1.84699e+01    1.86462e+01    1.88225e+01    1.89988e+01    1.91751e+01    1.93514e+01    1.95277e+01    1.97040e+01    1.98803e+01    2.00566e+01    2.02329e+01    2.04092e+01    2.05854e+01    2.07617e+01    2.09380e+01    2.11143e+01    2.12906e+01    2.14669e+01    2.16432e+01    2.18195e+01    2.19958e+01    2.21721e+01    2.23484e+01    2.25247e+01    2.27010e+01    2.28773e+01    2.30536e+01    2.32299e+01    2.34062e+01    2.35825e+01    2.37588e+01    2.39351e+01    2.41114e+01    2.42877e+01    2.44640e+01    2.46403e+01    2.48165e+01    2.49928e+01    2.51691e+01    2.53454e+01    2.55217e+01    2.56980e+01    2.58743e+01
    8.94735e+00    9.12365e+00    9.29995e+00    9.47624e+00    9.65254e+00    9.82883e+00    1.00051e+01    1.01814e+01    1.03577e+01    1.05340e+01    1.07103e+01    1.08866e+01    1.10629e+01    1.12392e+01    1.14155e+01    1.15918e+01    1.17681e+01    1.19444e+01    1.21207e+01    1.22970e+01    1.24733e+01    1.26496e+01    1.28259e+01    1.30022e+01    1.31785e+01    1.33547e+01    1.35310e+01    1.37073e+01    1.38836e+01    1.40599e+01    1.42362e+01    1.44125e+01    1.45888e+01    1.47651e+01    1.49414e+01    1.51177e+01    1.52940e+01    1.54703e+01    1.56466e+01    1.58229e+01    1.59992e+01    1.61755e+01    1.63518e+01    1.65281e+01    1.67044e+01    1.68807e+01    1.70570e+01    1.72333e+01    1.74096e+01    1.75858e+01    1.77621e+01    1.79384e+01    1.81147e+01    1.82910e+01    1.84673e+01    1.86436e+01    1.88199e+01    1.89962e+01    1.91725e+01    1.93488e+01    1.95251e+01    1.97014e+01    1.98777e+01    2.00540e+01    2.02303e+01    2.04066e+01    2.05829e+01    2.07592e+01    2.09355e+01    2.11118e+01    2.12881e+01    2.14644e+01    2.16407e+01    2.18169e+01    2.19932e+01    2.21695e+01    2.23458e+01    2.25221e+01    2.26984e+01    2.28747e+01    2.30510e+01    2.32273e+01    2.34036e+01    2.35799e+01    2.37562e+01    2.39325e+01    2.41088e+01    2.42851e+01    2.44614e+01    2.46377e+01    2.48140e+01    2.49903e+01    2.51666e+01    2.53429e+01    2.55192e+01    2.56955e+01    2.58718e+01    2.60480e+01    2.62243e+01    2.64006e+01
    9.47367e+00    9.64997e+00    9.82626e+00    1.00026e+01    1.01789e+01    1.03551e+01    1.05314e+01    1.07077e+01    1.08840e+01    1.10603e+01    1.12366e+01    1.14129e+01    1.15892e+01    1.17655e+01    1.19418e+01    1.21181e+01    1.22944e+01    1.24707e+01    1.26470e+01    1.28233e+01    1.29996e+01    1.31759e+01    1.33522e+01    1.35285e+01    1.37048e+01    1.38811e+01    1.40574e+01    1.42337e+01    1.44100e+01    1.45862e+01    1.47625e+01    1.49388e+01    1.51151e+01    1.52914e+01    1.54677e+01    1.56440e+01    1.58203e+01    1.59966e+01    1.61729e+01    1.63492e+01    1.65255e+01    1.67018e+01    1.68781e+01    1.70544e+01    1.72307e+01    1.74070e+01    1.75833e+01    1.77596e+01    1.79359e+01    1.81122e+01    1.82885e+01    1.84648e+01    1.86411e+01    1.88173e+01    1.89936e+01    1.91699e+01    1.93462e+01    1.95225e+01    1.96988e+01    1.98751e+01    2.00514e+01    2.02277e+01    2.04040e+01    2.05803e+01    2.07566e+01    2.09329e+01    2.11092e+01    2.12855e+01    2.14618e+01    2.16381e+01    2.18144e+01    2.19907e+01    2.21670e+01    2.23433e+01    2.25196e+01    2.26959e+01    2.28722e+01    2.30484e+01    2.32247e+01    2.34010e+01    2.35773e+01    2.37536e+01    2.39299e+01    2.41062e+01    2.42825e+01    2.44588e+01    2.46351e+01    2.48114e+01    2.49877e+01    2.51640e+01    2.53403e+01    2.55166e+01    2.56929e+01    2.58692e+01    2.60455e+01    2.62218e+01    2.63981e+01    2.65744e+01    2.67507e+01    2.69270e+01
    9.99998e+00    1.01763e+01    1.03526e+01    1.05289e+01    1.07052e+01    1.08815e+01    1.10578e+01    1.12341e+01    1.14104e+01    1.15866e+01    1.17629e+01    1.19392e+01    1.21155e+01    1.22918e+01    1.24681e+01    1.26444e+01    1.28207e+01    1.29970e+01    1.31733e+01    1.33496e+01    1.35259e+01    1.37022e+01    1.38785e+01    1.40548e+01    1.42311e+01    1.44074e+01    1.45837e+01    1.47600e+01    1.49363e+01    1.51126e+01    1.52889e+01    1.54652e+01    1.56415e+01    1.58177e+01    1.59940e+01    1.61703e+01    1.63466e+01    1.65229e+01    1.66992e+01    1.68755e+01    1.70518e+01    1.72281e+01    1.74044e+01    1.75807e+01    1.77570e+01    1.79333e+01    1.81096e+01    1.82859e+01    1.84622e+01    1.86385e+01    1.88148e+01    1.89911e+01    1.91674e+01    1.93437e+01    1.95200e+01    1.96963e+01    1.98725e+01    2.00488e+01    2.02251e+01    2.04014e+01    2.05777e+01    2.07540e+01    2.09303e+01    2.11066e+01    2.12829e+01    2.14592e+01    2.16355e+01    2.18118e+01    2.19881e+01    2.21644e+01    2.23407e+01    2.25170e+01    2.26933e+01    2.28696e+01    2.30459e+01    2.32222e+01    2.33985e+01    2.35748e+01    2.37511e+01    2.39274e+01    2.41036e+01    2.42799e+01    2.44562e+01    2.46325e+01    2.48088e+01    2.49851e+01    2.51614e+01    2.53377e+01    2.55140e+01    2.56903e+01    2.58666e+01    2.60429e+01    2.62192e+01    2.63955e+01    2.65718e+01    2.67481e+01    2.69244e+01    2.71007e+01    2.72770e+01    2.74533e+01
\ m
